100
1
100
50
11

1 1 11 11 6 2 8 0 2 10 1 5 4 11 11 4 2 6 2 3 8 5 4 1 3 7 9 8 9 2 10 0 3 10 8 6 3 3 10 11 5 8 9 3 2 1 8 0 7 4 6 9 6 3 11 9 5 8 4 9 9 3 6 1 7 6 7 5 9 8 7 10 1 4 9 9 6 4 4 0 8 4 2 4 4 2 3 7 1 0 1 4 2 7 6 6 10 0 4 6

40

168 146
27 79
155 73
120 116
69 136
167 109
7 137
33 69
149 104
183 73
51 164
62 121
198 78
138 81
113 135
184 110
87 119
126 183
102 49
197 130
140 41
186 171
70 80
105 67
183 107
2 190
130 128
50 124
99 84
51 83
69 85
69 4
137 94
101 42
153 159
174 162
67 128
108 70
168 131
121 102
174 170
81 190
185 123
176 96
68 196
3 127
90 51
43 175
155 46
121 51
150 75
89 112
91 187
133 50
32 175
122 42
135 7
5 5
84 182
192 84
39 103
112 32
199 8
182 88
41 127
162 157
43 132
146 48
137 85
35 18
153 138
14 150
68 167
34 85
121 54
40 92
148 100
169 23
127 179
70 193
104 116
55 69
13 20
179 95
146 181
180 15
39 90
33 49
94 125
46 175
171 131
77 86
97 148
152 87
141 82
16 22
132 83
49 173
2 84
116 191
