100
1
100
50
11

7 2 10 11 1 8 6 3 4 4 7 6 10 4 0 8 5 2 9 9 6 2 3 6 2 0 4 9 7 8 5 0 7 5 3 7 4 11 7 8 1 3 2 3 9 6 3 9 7 3 7 5 1 9 8 9 4 6 11 10 4 1 2 7 9 9 3 9 5 1 4 1 9 3 0 8 5 9 2 4 9 6 5 3 5 6 8 10 5 6 8 8 6 7 2 5 9 1 9 9

40

109 48
104 44
68 2
3 160
32 2
73 77
79 42
197 131
191 161
198 196
1 100
94 101
163 144
176 106
134 141
21 99
86 82
3 51
101 154
97 8
26 30
143 174
141 102
163 172
96 97
28 109
42 152
103 196
107 114
38 162
116 122
144 87
21 74
193 6
167 48
13 113
36 172
133 177
148 147
147 90
123 151
182 180
41 196
180 136
158 17
110 69
197 133
153 118
181 125
93 6
171 7
81 97
61 132
195 104
192 36
192 160
193 71
5 37
91 141
196 176
20 74
71 194
161 77
33 112
147 111
114 76
79 167
169 186
3 55
90 126
6 39
39 80
34 16
90 75
70 90
27 107
66 47
68 49
9 12
124 115
110 9
109 150
76 15
108 22
58 2
31 183
29 123
100 60
144 3
29 176
100 151
83 146
87 190
34 169
117 174
200 116
138 128
4 8
64 22
11 145
