120
1
120
40
11

4 8 3 4 3 2 7 3 5 7 9 11 10 10 3 5 11 8 10 4 7 9 1 8 11 6 9 3 10 9 7 7 3 4 6 5 7 2 9 8 1 4 10 2 6 4 2 7 3 10 4 6 1 10 10 11 7 3 6 7 3 3 1 1 3 4 6 2 5 3 10 8 10 7 8 7 10 8 4 3 8 1 2 6 2 1 10 3 7 9 2 4 5 5 7 11 2 4 7 2 9 1 6 7 2 5 6 0 7 7 6 5 1 9 7 1 0 10 8 5

90

168 153
104 142
45 56
170 164
162 56
145 141
44 191
17 84
137 138
114 33
51 92
98 25
59 126
163 25
97 24
23 11
78 33
33 168
7 57
84 197
46 122
156 2
169 90
63 32
113 147
182 31
163 24
146 105
33 126
139 109
106 73
169 6
33 198
13 86
62 52
122 138
28 194
146 31
66 30
78 174
57 32
14 102
136 169
68 6
21 25
48 127
10 58
6 13
39 153
152 143
182 56
175 44
169 68
117 163
40 98
129 21
62 107
79 181
181 167
168 125
151 4
9 31
52 145
160 94
20 179
63 34
73 57
178 22
32 99
81 191
181 126
67 81
45 55
148 191
189 57
111 81
197 38
1 100
157 148
149 91
192 14
143 33
112 61
112 127
38 147
159 3
169 191
16 121
49 196
48 160
161 134
34 157
50 79
18 112
122 195
150 146
16 168
42 168
171 159
63 138
64 189
26 46
146 101
55 199
177 9
187 18
50 167
4 124
20 58
126 171
88 165
68 15
113 117
104 153
152 108
78 144
113 118
61 132
86 35
152 129
