150
1
150
50
11

7 9 2 0 3 2 4 0 3 2 11 10 1 6 8 8 11 5 6 11 2 4 7 2 4 4 10 10 7 3 10 6 2 8 4 10 11 2 10 1 6 10 4 11 5 7 5 4 6 2 7 6 2 10 0 1 3 5 7 6 7 9 0 1 1 9 10 4 4 4 2 4 4 10 4 10 2 1 11 2 7 10 8 1 9 2 7 4 8 8 1 6 10 8 2 0 6 1 8 7 8 5 0 6 9 8 8 8 3 2 10 10 6 7 8 9 11 9 6 3 2 5 7 9 8 3 1 7 7 7 3 9 8 3 4 5 4 2 4 5 4 9 10 5 5 8 8 7 6 5

25

75 181
118 5
171 97
163 161
119 13
176 108
46 192
6 66
8 24
172 45
77 169
143 48
191 64
3 110
136 43
59 142
198 77
145 30
10 101
31 171
34 160
60 123
176 53
19 143
4 7
119 72
38 173
14 109
82 34
74 70
81 46
62 67
190 34
37 111
71 128
81 130
163 51
27 149
189 41
63 137
44 75
194 144
19 165
85 157
111 6
46 102
178 66
78 95
82 59
93 113
111 132
168 69
44 44
47 104
15 196
131 74
153 83
14 198
142 67
121 187
71 87
137 23
59 65
23 49
140 44
85 152
152 33
167 160
132 47
81 178
111 69
87 117
133 29
117 15
49 26
104 146
136 25
3 140
153 44
104 124
67 194
55 95
97 157
130 189
166 22
28 197
113 20
194 79
149 71
139 112
75 135
185 40
170 11
47 182
36 144
82 129
26 192
50 144
159 114
78 155
13 147
107 12
191 159
191 8
158 15
122 148
113 29
165 86
89 57
191 19
102 15
165 116
114 66
26 37
7 165
77 160
71 47
176 141
76 38
135 111
200 96
3 182
60 194
84 127
36 85
13 150
67 198
25 1
73 192
29 107
184 106
85 131
76 163
53 134
11 8
51 94
126 152
49 159
179 94
157 4
26 57
82 168
38 176
186 151
198 22
152 132
154 17
171 100
110 80
10 117
