90
1
90
45
7

4 1 6 7 1 5 4 2 2 3 5 4 7 3 0 5 3 1 6 6 4 1 2 4 1 0 2 6 4 5 3 0 5 3 2 4 3 7 4 5 0 2 1 2 6 4 2 6 5 2 4 3 1 6 5 6 3 4 7 7 3 0 1 4 6 6 2 6 3 1 3 0 6 2 0 5 3 6 1 2 6 4 3 2 3 4 5 6 3 4

50

140 110
145 109
116 76
129 108
44 58
89 31
155 29
22 100
168 144
161 29
109 100
104 83
68 87
3 34
32 117
73 200
79 138
197 4
191 64
198 11
1 48
94 44
163 2
176 160
134 2
21 77
86 42
3 131
101 161
97 196
26 100
143 101
141 144
163 106
96 141
28 99
42 82
103 51
107 154
38 8
116 30
144 174
21 102
193 172
167 97
13 109
36 152
133 196
148 114
147 162
123 122
182 87
41 74
180 6
158 48
110 113
197 172
153 177
181 147
93 90
171 151
81 180
61 196
195 136
192 17
192 69
193 133
5 118
91 125
196 6
20 7
71 97
161 132
33 104
147 36
114 160
79 71
169 37
3 141
90 176
6 74
39 194
34 77
90 112
70 111
27 76
66 167
68 186
9 55
124 126